function [E,F] = MaterialTestProben
M = [199.8103	0.72092
214.4457	1.11267
202.6387	0.82057
208.6776	0.85612
186.0708	0.74372
188.9378	0.82271
210.5972	1.05841
198.6846	0.82658
219.1697	0.98056
193.7589	0.81923
204.4718	0.91431
202.1973	0.80273
215.2551	0.91536
206.8638	0.95382
214.6889	0.85782
215.2633	1.02653
206.9520	0.88002
208.3645	0.94219
202.5699	0.79971
213.3385	0.89747];
E=M(:,1); F=M(:,2);
